-999   0.000
 0.00  10784
 0.40  10804
 0.80   8792
 1.20   4968
 1.60    795
 2.00  -2881
 2.40  -5586
 2.80  -7755
 3.20  -8364
 3.60  -8061
 4.00  -6417
 4.40  -4006
 4.80  -1351
 5.20   1208
 5.60   2543
 6.00   3125
 6.40   2980
 6.80   2378
 7.20   1680
 7.60   1148
 8.00    478
 8.40    176
 8.80   -174
 9.20   -301
 9.60   -192
10.00   -301
10.40   -192
10.80   -143
11.20   -153
11.60    -38
12.00    189
12.40    282
12.80    317
13.20    266
13.60     69
14.00     22
14.40   -257
14.80   -270
15.20   -268
15.60   -257
16.00     26
16.40      1
16.80     76
17.20    -94
17.60     89
18.00    133
18.40     61
18.80     59
19.20     40
19.60    245
20.00     38
20.40      5
20.80     15
21.20     41
21.60    -95
22.00     -4
22.40     40
22.80    -27
23.20   -130
23.60    -21
24.00     -6
24.40     35
24.80     -8
25.20     63
25.60    -20
26.00     30
26.40      0
26.80    -47
27.20    -76
27.60    -15
28.00     48
28.40    -84
28.80    -17
29.20     39
29.60    -58
30.00   -102
30.40    -42
30.80     65
31.20    -54
31.60   -151
32.00    -59
32.40    107
32.80     41
33.20     61
33.60      9
34.00    156
34.40      6
34.80     59
35.20    122
35.60     -2
36.00    -46
36.40     -2
36.80     76
37.20     51
37.60     14
38.00     61
38.40    117
38.80    159
39.20     75
39.60     43
40.00    -27
40.40      3
40.80     72
41.20    -61
41.60    -16
42.00     -7
42.40    -27
42.80     20
43.20     56
43.60      3
44.00    -81
44.40     18
44.80     57
45.20     10
45.60    -56
46.00    -67
46.40     74
46.80      7
47.20     27
47.60     21
48.00     50
48.40     23
48.80    146
49.20      6
49.60     49
50.00    -99
50.40    -19
50.80    -54
51.20     -1
51.60    -75
52.00      7
52.40    -86
52.80     13
53.20    -26
53.60     -8
54.00    -91
54.40     61
54.80     68
55.20    -89
55.60    -89
56.00     44
56.40     48
56.80    -39
57.20    114
57.60     19
58.00     32
58.40     69
58.80    132
59.20     32
59.60      0
60.00    -60
60.40     27
60.80    -24
61.20     45
61.60    -71
62.00     54
62.40    101
62.80     35
63.20     27
63.60     34
64.00     24
64.40     21
64.80      8
65.20    -39
65.60     64
66.00     95
66.40    -23
66.80     57
67.20    -20
67.60     71
68.00    -66
68.40     -8
68.80     21
69.20     25
69.60     72
70.00     39
70.40     65
70.80     62
71.20     60
71.60     14
72.00     82
72.40     72
72.80     58
73.20     30
73.60     25
74.00     23
74.40     53
74.80   -107
75.20     -6
75.60     49
76.00     35
76.40     34
76.80    134
77.20     52
77.60     83
78.00    105
78.40    -32
78.80      5
79.20     61
79.60     89
