-999   0.000
 0.00  11163
 0.40  15694
 0.80  15617
 1.20  12061
 1.60   5581
 2.00  -2491
 2.40 -10297
 2.80 -13184
 3.20 -12127
 3.60  -8814
 4.00  -5802
 4.40  -3481
 4.80  -1513
 5.20    273
 5.60   1848
 6.00   3366
 6.40   4156
 6.80   4084
 7.20   3603
 7.60   2423
 8.00   1249
 8.40    207
 8.80   -274
 9.20   -446
 9.60   -371
10.00   -137
10.40    133
10.80     95
11.20     44
11.60    108
12.00    156
12.40     86
12.80    124
13.20    158
13.60    120
14.00    183
14.40     26
14.80     -9
15.20    -13
15.60   -100
16.00    -15
16.40    190
16.80    162
17.20     80
17.60    161
18.00    100
18.40     74
18.80    162
19.20     63
19.60     50
20.00     84
20.40     40
20.80     29
21.20    -99
21.60    182
22.00    197
22.40    106
22.80    -35
23.20     63
23.60      7
24.00    -32
24.40     63
24.80     43
25.20     16
25.60    107
26.00    106
26.40    -80
26.80    -94
27.20     27
27.60     72
28.00     16
28.40      6
28.80     40
29.20     44
29.60    100
30.00    113
30.40    -19
30.80     60
31.20    112
31.60    -10
32.00     78
32.40     75
32.80     64
33.20    -51
33.60     26
34.00     13
34.40      7
34.80     41
35.20     94
35.60     28
36.00      2
36.40    -22
36.80     74
37.20    191
37.60    -16
38.00     99
38.40     64
38.80     77
39.20     64
39.60    -92
40.00    -48
40.40    132
40.80     42
41.20     42
41.60    -63
42.00    -75
42.40     15
42.80    -27
43.20     81
43.60    -78
44.00    -31
44.40     50
44.80    152
45.20     18
45.60    -29
46.00    132
46.40    -30
46.80     85
47.20    -22
47.60    -44
48.00    -62
48.40    -72
48.80    -66
49.20    -30
49.60     59
50.00     56
50.40    -98
50.80    226
51.20    -25
51.60    -49
52.00     50
52.40     89
52.80     48
53.20    -18
53.60    -54
54.00    104
54.40     57
54.80    -16
55.20    140
55.60   -109
56.00     48
56.40     -8
56.80    196
57.20     94
57.60    -23
58.00     -8
58.40    -11
58.80    -92
59.20     86
59.60    104
60.00     65
60.40     -5
60.80      8
61.20    -71
61.60     34
62.00     26
62.40    106
62.80     39
63.20    -65
63.60    111
64.00     28
64.40   -214
64.80    101
65.20    130
65.60    -13
66.00    -94
66.40      0
66.80    -14
67.20    151
67.60    127
68.00    -83
68.40     87
68.80    104
69.20     77
69.60    -22
70.00    -32
70.40    102
70.80     99
71.20    -24
71.60     61
72.00     11
72.40     -2
72.80    120
73.20     49
73.60    -97
74.00    -92
74.40    130
74.80     76
75.20    -26
75.60    -16
76.00    -63
76.40    -52
76.80     62
77.20    -78
77.60    -39
78.00     82
78.40     55
78.80     71
79.20    -57
79.60   -119
