-999   0.000
 0.00  10897
 0.40  10685
 0.80   8610
 1.20   5054
 1.60    747
 2.00  -2759
 2.40  -5738
 2.80  -7636
 3.20  -8604
 3.60  -7924
 4.00  -6415
 4.40  -3913
 4.80  -1232
 5.20   1155
 5.60   2561
 6.00   3115
 6.40   2876
 6.80   2290
 7.20   1731
 7.60   1060
 8.00    457
 8.40    287
 8.80    -41
 9.20   -451
 9.60   -176
10.00   -178
10.40    -77
10.80   -150
11.20   -110
11.60    103
12.00    269
12.40    273
12.80    310
13.20    261
13.60     84
14.00    -24
14.40   -240
14.80   -169
15.20   -308
15.60   -257
16.00   -139
16.40    -20
16.80     29
17.20     83
17.60    130
18.00    289
18.40     67
18.80    232
19.20    247
19.60    -14
20.00    138
20.40     74
20.80     55
21.20     41
21.60    -31
22.00    175
22.40    -57
22.80   -109
23.20    -78
23.60    -86
24.00     -5
24.40    -90
24.80     61
25.20     38
25.60     45
26.00    104
26.40     70
26.80     -2
27.20   -145
27.60     46
28.00     23
28.40    116
28.80     63
29.20     89
29.60     40
30.00    -31
30.40    139
30.80     60
31.20     -8
31.60     72
32.00     74
32.40    128
32.80    -50
33.20     54
33.60     35
34.00      9
34.40     17
34.80    -27
35.20     57
35.60    -41
36.00    126
36.40     12
36.80    112
37.20     53
37.60    -85
38.00     62
38.40    -35
38.80    -52
39.20     75
39.60      4
40.00     50
40.40    -65
40.80    -58
41.20     12
41.60   -123
42.00    -26
42.40    -83
42.80   -114
43.20    -66
43.60     45
44.00     41
44.40    -82
44.80     23
45.20     46
45.60     38
46.00    -40
46.40     98
46.80     17
47.20   -200
47.60     11
48.00    -86
48.40    122
48.80    -41
49.20    129
49.60   -164
50.00    128
50.40      0
50.80     26
51.20    -67
51.60    -65
52.00     10
52.40     -3
52.80     55
53.20     75
53.60    117
54.00     33
54.40     18
54.80    193
55.20    120
55.60     48
56.00    153
56.40    -96
56.80     47
57.20     -4
57.60    105
58.00     47
58.40    196
58.80    127
59.20     15
59.60    155
60.00    119
60.40     23
60.80     24
61.20   -116
61.60     59
62.00     92
62.40    -41
62.80    162
63.20   -173
63.60     -7
64.00      9
64.40     56
64.80     73
65.20    -11
65.60    -17
66.00    130
66.40     12
66.80     72
67.20     57
67.60    -51
68.00     25
68.40     51
68.80    120
69.20    -99
69.60     25
70.00    134
70.40   -134
70.80     24
71.20     -3
71.60     37
72.00     55
72.40    -14
72.80     -8
73.20     10
73.60    -54
74.00     93
74.40     33
74.80     24
75.20    -73
75.60     69
76.00     56
76.40     81
76.80    -25
77.20     66
77.60    -82
78.00   -167
78.40     94
78.80     90
79.20    -62
79.60     52
